0 5
42 46 45
43 45 44
44 43 46
45 42 43
46 44 42
1 5
47 50 51
48 49 50
49 51 48
50 48 47
51 47 49
2 4
52 53 54
53 55 52
54 52 72
55 72 53
3 4
56 58 57
57 56 59
58 92 56
59 57 92
4 3
60 97 77
61 77 62
62 61 97
5 3
63 112 125
64 65 112
65 125 64
6 2
66 67 82
67 102 66
7 2
68 117 69
69 68 130
8 1
70 145 139
9 1
71 150 155
10 0
11 0
12 5
72 74 76
73 42 74
74 73 72
75 76 42
76 72 75
13 5
77 79 81
78 43 79
79 78 77
80 81 43
81 77 80
14 4
82 83 85
83 80 82
84 85 44
85 82 84
15 3
86 87 88
87 75 86
88 86 78
16 3
89 90 91
90 84 89
91 89 73
17 5
92 94 96
93 47 94
94 93 92
95 96 47
96 92 95
18 5
97 99 101
98 48 99
99 98 97
100 101 48
101 97 100
19 4
102 104 105
103 49 104
104 103 102
105 102 98
20 3
106 107 108
107 100 106
108 106 93
21 3
109 110 111
110 95 109
111 109 103
22 5
112 114 116
113 52 114
114 113 112
115 116 52
116 112 115
23 4
117 119 120
118 53 119
119 118 117
120 117 113
24 2
121 122 87
122 115 121
25 2
123 91 124
124 123 118
26 5
125 127 129
126 56 127
127 126 125
128 129 56
129 125 128
27 4
130 131 133
131 128 130
132 133 57
133 130 132
28 2
134 108 135
135 134 126
29 2
136 137 110
137 132 136
30 1
138 105 83
31 3
139 88 141
140 141 61
141 139 140
32 2
142 143 107
143 140 142
33 1
144 120 131
34 3
145 147 122
146 64 147
147 146 145
35 2
148 135 149
149 148 146
36 3
150 152 90
151 66 152
152 151 150
37 2
153 111 154
154 153 151
38 3
155 124 157
156 157 68
157 155 156
39 2
158 159 137
159 156 158
40 1
160 149 143
41 1
161 154 159
42 5
12 73 75
46 0 73
73 46 12
45 75 0
75 12 45
43 5
13 78 80
45 0 78
78 45 13
44 80 0
80 13 44
44 4
14 80 84
80 43 14
46 84 0
84 14 46
45 3
15 75 78
75 42 15
78 15 43
46 3
16 84 73
84 44 16
73 16 42
47 5
17 93 95
50 1 93
93 50 17
51 95 1
95 17 51
48 5
18 98 100
49 1 98
98 49 18
50 100 1
100 18 50
49 4
19 103 98
51 1 103
103 51 19
98 19 48
50 3
20 100 93
100 48 20
93 20 47
51 3
21 95 103
95 47 21
103 21 49
52 5
22 113 115
53 2 113
113 53 22
54 115 2
115 22 54
53 4
23 118 113
55 2 118
118 55 23
113 23 52
54 4
24 115 76
115 52 24
72 76 2
76 24 72
55 4
25 74 118
72 2 74
74 72 25
118 25 53
56 5
26 126 128
58 3 126
126 58 26
57 128 3
128 26 57
57 4
27 128 132
128 56 27
59 132 3
132 27 59
58 4
28 94 126
92 3 94
94 92 28
126 28 56
59 4
29 132 96
132 57 29
92 96 3
96 29 92
60 5
30 99 81
97 4 99
99 97 30
77 81 4
81 30 77
61 5
31 79 140
77 4 79
79 77 31
62 140 4
140 31 62
62 4
32 140 101
140 61 32
97 101 4
101 32 97
63 5
33 114 129
112 5 114
114 112 33
125 129 5
129 33 125
64 5
34 146 116
65 5 146
146 65 34
112 116 5
116 34 112
65 4
35 127 146
125 5 127
127 125 35
146 35 64
66 5
36 151 85
67 6 151
151 67 36
82 85 6
85 36 82
67 4
37 104 151
102 6 104
104 102 37
151 37 66
68 5
38 119 156
117 7 119
119 117 38
69 156 7
156 38 69
69 4
39 156 133
156 68 39
130 133 7
133 39 130
70 5
40 147 141
145 8 147
147 145 40
139 141 8
141 40 139
71 5
41 152 157
150 9 152
152 150 41
155 157 9
157 41 155
72 3
2 55 54
74 12 55
76 54 12
73 3
16 46 91
74 91 12
91 16 74
74 2
25 91 55
91 73 25
75 3
15 87 45
76 12 87
87 76 15
76 2
24 54 87
87 24 75
77 3
4 61 60
79 13 61
81 60 13
78 3
15 45 88
79 88 13
88 15 79
79 2
31 88 61
88 78 31
80 3
14 83 44
81 13 83
83 81 14
81 2
30 60 83
83 30 80
82 4
6 138 66
83 14 138
138 83 6
85 66 14
83 2
30 81 138
138 30 82
84 3
16 90 46
85 14 90
90 85 16
85 2
36 66 90
90 36 84
86 5
8 121 139
87 15 121
121 87 8
88 139 15
139 8 88
87 2
24 76 121
121 24 86
88 2
31 139 79
139 86 31
89 5
9 150 123
90 16 150
150 90 9
91 123 16
123 9 91
90 2
36 85 150
150 36 89
91 2
25 123 74
123 89 25
92 3
3 58 59
94 17 58
96 59 17
93 3
20 50 108
94 108 17
108 20 94
94 2
28 108 58
108 93 28
95 3
21 110 51
96 17 110
110 96 21
96 2
29 59 110
110 29 95
97 3
4 60 62
99 18 60
101 62 18
98 3
19 49 105
99 105 18
105 19 99
99 2
30 105 60
105 98 30
100 3
20 107 50
101 18 107
107 101 20
101 2
32 62 107
107 32 100
102 4
6 67 138
104 19 67
105 138 19
138 6 105
103 3
21 51 111
104 111 19
111 21 104
104 2
37 111 67
111 103 37
105 2
30 138 99
138 102 30
106 5
10 142 134
107 20 142
142 107 10
108 134 20
134 10 108
107 2
32 101 142
142 32 106
108 2
28 134 94
134 106 28
109 5
11 136 153
110 21 136
136 110 11
111 153 21
153 11 111
110 2
29 96 136
136 29 109
111 2
37 153 104
153 109 37
112 3
5 63 64
114 22 63
116 64 22
113 3
23 53 120
114 120 22
120 23 114
114 2
33 120 63
120 113 33
115 3
24 122 54
116 22 122
122 116 24
116 2
34 64 122
122 34 115
117 4
7 68 144
119 23 68
120 144 23
144 7 120
118 3
25 55 124
119 124 23
124 25 119
119 2
38 124 68
124 118 38
120 2
33 144 114
144 117 33
121 3
8 145 86
122 24 145
145 122 8
122 2
34 116 145
145 34 121
123 3
9 89 155
124 155 25
155 9 124
124 2
38 155 119
155 123 38
125 3
5 65 63
127 26 65
129 63 26
126 3
28 58 135
127 135 26
135 28 127
127 2
35 135 65
135 126 35
128 3
27 131 57
129 26 131
131 129 27
129 2
33 63 131
131 33 128
130 4
7 144 69
131 27 144
144 131 7
133 69 27
131 2
33 129 144
144 33 130
132 3
29 137 59
133 27 137
137 133 29
133 2
39 69 137
137 39 132
134 3
10 106 148
135 148 28
148 10 135
135 2
35 148 127
148 134 35
136 3
11 158 109
137 29 158
158 137 11
137 2
39 133 158
158 39 136
138 1
6 102 82
139 2
8 86 70
141 70 31
140 3
32 143 62
141 31 143
143 141 32
141 2
40 70 143
143 40 140
142 3
10 160 106
143 32 160
160 143 10
143 2
40 141 160
160 40 142
144 1
7 117 130
145 2
8 70 121
147 34 70
146 3
35 65 149
147 149 34
149 35 147
147 2
40 149 70
149 146 40
148 3
10 134 160
149 160 35
160 10 149
149 2
40 160 147
160 148 40
150 2
9 71 89
152 36 71
151 3
37 67 154
152 154 36
154 37 152
152 2
41 154 71
154 151 41
153 3
11 109 161
154 161 37
161 11 154
154 2
41 161 152
161 153 41
155 2
9 123 71
157 71 38
156 3
39 159 69
157 38 159
159 157 39
157 2
41 71 159
159 41 156
158 3
11 161 136
159 39 161
161 159 11
159 2
41 157 161
161 41 158
160 1
10 148 142
161 1
11 153 158
3240 5
3282 3286 3285
3283 3285 3284
3284 3283 3286
3285 3282 3283
3286 3284 3282
3241 5
3287 3290 3291
3288 3289 3290
3289 3291 3288
3290 3288 3287
3291 3287 3289
3242 4
3292 3293 3294
3293 3295 3292
3294 3292 3312
3295 3312 3293
3243 4
3296 3298 3297
3297 3296 3299
3298 3332 3296
3299 3297 3332
3244 3
3300 3337 3317
3301 3317 3302
3302 3301 3337
3245 3
3303 3352 3365
3304 3305 3352
3305 3365 3304
3246 2
3306 3307 3322
3307 3342 3306
3247 2
3308 3357 3309
3309 3308 3370
3248 1
3310 3385 3379
3249 1
3311 3390 3395
3250 0
3251 0
3252 5
3312 3314 3316
3313 3282 3314
3314 3313 3312
3315 3316 3282
3316 3312 3315
3253 5
3317 3319 3321
3318 3283 3319
3319 3318 3317
3320 3321 3283
3321 3317 3320
3254 4
3322 3323 3325
3323 3320 3322
3324 3325 3284
3325 3322 3324
3255 3
3326 3327 3328
3327 3315 3326
3328 3326 3318
3256 3
3329 3330 3331
3330 3324 3329
3331 3329 3313
3257 5
3332 3334 3336
3333 3287 3334
3334 3333 3332
3335 3336 3287
3336 3332 3335
3258 5
3337 3339 3341
3338 3288 3339
3339 3338 3337
3340 3341 3288
3341 3337 3340
3259 4
3342 3344 3345
3343 3289 3344
3344 3343 3342
3345 3342 3338
3260 3
3346 3347 3348
3347 3340 3346
3348 3346 3333
3261 3
3349 3350 3351
3350 3335 3349
3351 3349 3343
3262 5
3352 3354 3356
3353 3292 3354
3354 3353 3352
3355 3356 3292
3356 3352 3355
3263 4
3357 3359 3360
3358 3293 3359
3359 3358 3357
3360 3357 3353
3264 2
3361 3362 3327
3362 3355 3361
3265 2
3363 3331 3364
3364 3363 3358
3266 5
3365 3367 3369
3366 3296 3367
3367 3366 3365
3368 3369 3296
3369 3365 3368
3267 4
3370 3371 3373
3371 3368 3370
3372 3373 3297
3373 3370 3372
3268 2
3374 3348 3375
3375 3374 3366
3269 2
3376 3377 3350
3377 3372 3376
3270 1
3378 3345 3323
3271 3
3379 3328 3381
3380 3381 3301
3381 3379 3380
3272 2
3382 3383 3347
3383 3380 3382
3273 1
3384 3360 3371
3274 3
3385 3387 3362
3386 3304 3387
3387 3386 3385
3275 2
3388 3375 3389
3389 3388 3386
3276 3
3390 3392 3330
3391 3306 3392
3392 3391 3390
3277 2
3393 3351 3394
3394 3393 3391
3278 3
3395 3364 3397
3396 3397 3308
3397 3395 3396
3279 2
3398 3399 3377
3399 3396 3398
3280 1
3400 3389 3383
3281 1
3401 3394 3399
3282 5
3252 3313 3315
3286 3240 3313
3313 3286 3252
3285 3315 3240
3315 3252 3285
3283 5
3253 3318 3320
3285 3240 3318
3318 3285 3253
3284 3320 3240
3320 3253 3284
3284 4
3254 3320 3324
3320 3283 3254
3286 3324 3240
3324 3254 3286
3285 3
3255 3315 3318
3315 3282 3255
3318 3255 3283
3286 3
3256 3324 3313
3324 3284 3256
3313 3256 3282
3287 5
3257 3333 3335
3290 3241 3333
3333 3290 3257
3291 3335 3241
3335 3257 3291
3288 5
3258 3338 3340
3289 3241 3338
3338 3289 3258
3290 3340 3241
3340 3258 3290
3289 4
3259 3343 3338
3291 3241 3343
3343 3291 3259
3338 3259 3288
3290 3
3260 3340 3333
3340 3288 3260
3333 3260 3287
3291 3
3261 3335 3343
3335 3287 3261
3343 3261 3289
3292 5
3262 3353 3355
3293 3242 3353
3353 3293 3262
3294 3355 3242
3355 3262 3294
3293 4
3263 3358 3353
3295 3242 3358
3358 3295 3263
3353 3263 3292
3294 4
3264 3355 3316
3355 3292 3264
3312 3316 3242
3316 3264 3312
3295 4
3265 3314 3358
3312 3242 3314
3314 3312 3265
3358 3265 3293
3296 5
3266 3366 3368
3298 3243 3366
3366 3298 3266
3297 3368 3243
3368 3266 3297
3297 4
3267 3368 3372
3368 3296 3267
3299 3372 3243
3372 3267 3299
3298 4
3268 3334 3366
3332 3243 3334
3334 3332 3268
3366 3268 3296
3299 4
3269 3372 3336
3372 3297 3269
3332 3336 3243
3336 3269 3332
3300 5
3270 3339 3321
3337 3244 3339
3339 3337 3270
3317 3321 3244
3321 3270 3317
3301 5
3271 3319 3380
3317 3244 3319
3319 3317 3271
3302 3380 3244
3380 3271 3302
3302 4
3272 3380 3341
3380 3301 3272
3337 3341 3244
3341 3272 3337
3303 5
3273 3354 3369
3352 3245 3354
3354 3352 3273
3365 3369 3245
3369 3273 3365
3304 5
3274 3386 3356
3305 3245 3386
3386 3305 3274
3352 3356 3245
3356 3274 3352
3305 4
3275 3367 3386
3365 3245 3367
3367 3365 3275
3386 3275 3304
3306 5
3276 3391 3325
3307 3246 3391
3391 3307 3276
3322 3325 3246
3325 3276 3322
3307 4
3277 3344 3391
3342 3246 3344
3344 3342 3277
3391 3277 3306
3308 5
3278 3359 3396
3357 3247 3359
3359 3357 3278
3309 3396 3247
3396 3278 3309
3309 4
3279 3396 3373
3396 3308 3279
3370 3373 3247
3373 3279 3370
3310 5
3280 3387 3381
3385 3248 3387
3387 3385 3280
3379 3381 3248
3381 3280 3379
3311 5
3281 3392 3397
3390 3249 3392
3392 3390 3281
3395 3397 3249
3397 3281 3395
3312 3
3242 3295 3294
3314 3252 3295
3316 3294 3252
3313 3
3256 3286 3331
3314 3331 3252
3331 3256 3314
3314 2
3265 3331 3295
3331 3313 3265
3315 3
3255 3327 3285
3316 3252 3327
3327 3316 3255
3316 2
3264 3294 3327
3327 3264 3315
3317 3
3244 3301 3300
3319 3253 3301
3321 3300 3253
3318 3
3255 3285 3328
3319 3328 3253
3328 3255 3319
3319 2
3271 3328 3301
3328 3318 3271
3320 3
3254 3323 3284
3321 3253 3323
3323 3321 3254
3321 2
3270 3300 3323
3323 3270 3320
3322 4
3246 3378 3306
3323 3254 3378
3378 3323 3246
3325 3306 3254
3323 2
3270 3321 3378
3378 3270 3322
3324 3
3256 3330 3286
3325 3254 3330
3330 3325 3256
3325 2
3276 3306 3330
3330 3276 3324
3326 5
3248 3361 3379
3327 3255 3361
3361 3327 3248
3328 3379 3255
3379 3248 3328
3327 2
3264 3316 3361
3361 3264 3326
3328 2
3271 3379 3319
3379 3326 3271
3329 5
3249 3390 3363
3330 3256 3390
3390 3330 3249
3331 3363 3256
3363 3249 3331
3330 2
3276 3325 3390
3390 3276 3329
3331 2
3265 3363 3314
3363 3329 3265
3332 3
3243 3298 3299
3334 3257 3298
3336 3299 3257
3333 3
3260 3290 3348
3334 3348 3257
3348 3260 3334
3334 2
3268 3348 3298
3348 3333 3268
3335 3
3261 3350 3291
3336 3257 3350
3350 3336 3261
3336 2
3269 3299 3350
3350 3269 3335
3337 3
3244 3300 3302
3339 3258 3300
3341 3302 3258
3338 3
3259 3289 3345
3339 3345 3258
3345 3259 3339
3339 2
3270 3345 3300
3345 3338 3270
3340 3
3260 3347 3290
3341 3258 3347
3347 3341 3260
3341 2
3272 3302 3347
3347 3272 3340
3342 4
3246 3307 3378
3344 3259 3307
3345 3378 3259
3378 3246 3345
3343 3
3261 3291 3351
3344 3351 3259
3351 3261 3344
3344 2
3277 3351 3307
3351 3343 3277
3345 2
3270 3378 3339
3378 3342 3270
3346 5
3250 3382 3374
3347 3260 3382
3382 3347 3250
3348 3374 3260
3374 3250 3348
3347 2
3272 3341 3382
3382 3272 3346
3348 2
3268 3374 3334
3374 3346 3268
3349 5
3251 3376 3393
3350 3261 3376
3376 3350 3251
3351 3393 3261
3393 3251 3351
3350 2
3269 3336 3376
3376 3269 3349
3351 2
3277 3393 3344
3393 3349 3277
3352 3
3245 3303 3304
3354 3262 3303
3356 3304 3262
3353 3
3263 3293 3360
3354 3360 3262
3360 3263 3354
3354 2
3273 3360 3303
3360 3353 3273
3355 3
3264 3362 3294
3356 3262 3362
3362 3356 3264
3356 2
3274 3304 3362
3362 3274 3355
3357 4
3247 3308 3384
3359 3263 3308
3360 3384 3263
3384 3247 3360
3358 3
3265 3295 3364
3359 3364 3263
3364 3265 3359
3359 2
3278 3364 3308
3364 3358 3278
3360 2
3273 3384 3354
3384 3357 3273
3361 3
3248 3385 3326
3362 3264 3385
3385 3362 3248
3362 2
3274 3356 3385
3385 3274 3361
3363 3
3249 3329 3395
3364 3395 3265
3395 3249 3364
3364 2
3278 3395 3359
3395 3363 3278
3365 3
3245 3305 3303
3367 3266 3305
3369 3303 3266
3366 3
3268 3298 3375
3367 3375 3266
3375 3268 3367
3367 2
3275 3375 3305
3375 3366 3275
3368 3
3267 3371 3297
3369 3266 3371
3371 3369 3267
3369 2
3273 3303 3371
3371 3273 3368
3370 4
3247 3384 3309
3371 3267 3384
3384 3371 3247
3373 3309 3267
3371 2
3273 3369 3384
3384 3273 3370
3372 3
3269 3377 3299
3373 3267 3377
3377 3373 3269
3373 2
3279 3309 3377
3377 3279 3372
3374 3
3250 3346 3388
3375 3388 3268
3388 3250 3375
3375 2
3275 3388 3367
3388 3374 3275
3376 3
3251 3398 3349
3377 3269 3398
3398 3377 3251
3377 2
3279 3373 3398
3398 3279 3376
3378 1
3246 3342 3322
3379 2
3248 3326 3310
3381 3310 3271
3380 3
3272 3383 3302
3381 3271 3383
3383 3381 3272
3381 2
3280 3310 3383
3383 3280 3380
3382 3
3250 3400 3346
3383 3272 3400
3400 3383 3250
3383 2
3280 3381 3400
3400 3280 3382
3384 1
3247 3357 3370
3385 2
3248 3310 3361
3387 3274 3310
3386 3
3275 3305 3389
3387 3389 3274
3389 3275 3387
3387 2
3280 3389 3310
3389 3386 3280
3388 3
3250 3374 3400
3389 3400 3275
3400 3250 3389
3389 2
3280 3400 3387
3400 3388 3280
3390 2
3249 3311 3329
3392 3276 3311
3391 3
3277 3307 3394
3392 3394 3276
3394 3277 3392
3392 2
3281 3394 3311
3394 3391 3281
3393 3
3251 3349 3401
3394 3401 3277
3401 3251 3394
3394 2
3281 3401 3392
3401 3393 3281
3395 2
3249 3363 3311
3397 3311 3278
3396 3
3279 3399 3309
3397 3278 3399
3399 3397 3279
3397 2
3281 3311 3399
3399 3281 3396
3398 3
3251 3401 3376
3399 3279 3401
3401 3399 3251
3399 2
3281 3397 3401
3401 3281 3398
3400 1
3250 3388 3382
3401 1
3251 3393 3398
