0 5
162 166 165
163 165 164
164 163 166
165 162 163
166 164 162
1 5
167 170 171
168 169 170
169 171 168
170 168 167
171 167 169
2 5
172 173 174
173 175 172
174 172 412
175 412 173
412 174 175
3 5
176 178 177
177 176 179
178 467 176
179 177 467
467 179 178
4 5
180 480 425
181 425 182
182 181 480
425 180 181
480 182 180
5 5
183 522 556
184 185 522
185 556 184
522 184 183
556 183 185
6 5
186 187 438
187 493 186
438 186 590
493 590 187
590 438 493
7 5
188 535 189
189 188 569
535 603 188
569 189 603
603 569 535
8 5
190 604 591
449 591 546
546 449 604
591 190 449
604 546 190
9 5
191 616 628
458 551 616
551 628 458
616 458 191
628 191 551
10 5
504 580 598
580 611 504
598 504 640
611 640 580
640 598 611
11 5
513 623 585
585 513 635
623 641 513
635 585 641
641 635 623
12 6
192 194 196
193 282 194
194 193 192
195 196 282
196 192 195
282 195 193
13 6
197 199 201
198 287 199
199 198 197
200 201 287
201 197 200
287 200 198
14 6
202 203 205
203 433 202
204 205 292
205 202 204
292 204 433
433 292 203
15 6
206 207 208
207 420 206
208 206 428
296 428 420
420 296 207
428 208 296
16 6
209 210 211
210 444 209
211 209 415
299 415 444
415 211 299
444 299 210
17 6
212 214 216
213 302 214
214 213 212
215 216 302
216 212 215
302 215 213
18 6
217 219 221
218 307 219
219 218 217
220 221 307
221 217 220
307 220 218
19 6
222 224 225
223 312 224
224 223 222
225 222 483
312 483 223
483 225 312
20 6
226 227 228
227 488 226
228 226 470
316 470 488
470 228 316
488 316 227
21 6
229 230 231
230 475 229
231 229 497
319 497 475
475 319 230
497 231 319
22 6
232 234 236
233 322 234
234 233 232
235 236 322
236 232 235
322 235 233
23 6
237 239 240
238 327 239
239 238 237
240 237 525
327 525 238
525 240 327
24 6
241 242 454
242 530 241
331 423 530
423 454 331
454 241 423
530 331 242
25 6
243 465 244
244 243 539
335 539 418
418 335 465
465 418 243
539 244 335
26 6
245 247 249
246 339 247
247 246 245
248 249 339
249 245 248
339 248 246
27 6
250 251 253
251 564 250
252 253 344
253 250 252
344 252 564
564 344 251
28 6
254 511 255
255 254 559
348 559 473
473 348 511
511 473 254
559 255 348
29 6
256 257 518
257 575 256
352 478 575
478 518 352
518 256 478
575 352 257
30 6
258 502 442
356 436 486
436 442 356
442 258 436
486 356 502
502 486 258
31 6
259 456 261
260 261 361
261 259 260
361 260 431
431 361 456
456 431 259
32 6
262 263 509
263 593 262
366 491 593
491 509 366
509 262 491
593 366 263
33 6
264 544 573
370 567 528
528 370 544
544 528 264
567 573 370
573 264 567
34 6
265 267 549
266 375 267
267 266 265
375 533 266
533 549 375
549 265 533
35 6
268 583 269
269 268 606
380 606 562
562 380 583
583 562 268
606 269 380
36 6
270 272 463
271 384 272
272 271 270
384 447 271
447 463 384
463 270 447
37 6
273 520 274
274 273 618
389 618 500
500 389 520
520 500 273
618 274 389
38 6
275 554 277
276 277 393
277 275 276
393 276 542
542 393 554
554 542 275
39 6
278 279 588
279 630 278
398 578 630
578 588 398
588 278 578
630 398 279
40 6
280 614 601
402 596 609
596 601 402
601 280 596
609 402 614
614 609 280
41 6
281 626 638
407 633 621
621 407 626
626 621 281
633 638 407
638 281 633
42 6
282 284 286
283 162 284
284 283 282
285 286 162
286 282 285
162 285 283
43 6
287 289 291
288 163 289
289 288 287
290 291 163
291 287 290
163 290 288
44 6
292 293 295
293 290 292
294 295 164
295 292 294
164 294 290
290 164 293
45 6
296 297 298
297 285 296
298 296 288
165 288 285
285 165 297
288 298 165
46 6
299 300 301
300 294 299
301 299 283
166 283 294
283 301 166
294 166 300
47 6
302 304 306
303 167 304
304 303 302
305 306 167
306 302 305
167 305 303
48 6
307 309 311
308 168 309
309 308 307
310 311 168
311 307 310
168 310 308
49 6
312 314 315
313 169 314
314 313 312
315 312 308
169 308 313
308 315 169
50 6
316 317 318
317 310 316
318 316 303
170 303 310
303 318 170
310 170 317
51 6
319 320 321
320 305 319
321 319 313
171 313 305
305 171 320
313 321 171
52 6
322 324 326
323 172 324
324 323 322
325 326 172
326 322 325
172 325 323
53 6
327 329 330
328 173 329
329 328 327
330 327 323
173 323 328
323 330 173
54 6
331 332 334
332 325 331
333 334 174
334 331 333
174 333 325
325 174 332
55 6
335 337 338
336 175 337
337 336 335
338 335 328
175 328 336
328 338 175
56 6
339 341 343
340 176 341
341 340 339
342 343 176
343 339 342
176 342 340
57 6
344 345 347
345 342 344
346 347 177
347 344 346
177 346 342
342 177 345
58 6
348 350 351
349 178 350
350 349 348
351 348 340
178 340 349
340 351 178
59 6
352 353 355
353 346 352
354 355 179
355 352 354
179 354 346
346 179 353
60 6
356 358 360
357 180 358
358 357 356
359 360 180
360 356 359
180 359 357
61 6
361 363 365
362 181 363
363 362 361
364 365 181
365 361 364
181 364 362
62 6
366 367 369
367 364 366
368 369 182
369 366 368
182 368 364
364 182 367
63 6
370 372 374
371 183 372
372 371 370
373 374 183
374 370 373
183 373 371
64 6
375 377 379
376 184 377
377 376 375
378 379 184
379 375 378
184 378 376
65 6
380 382 383
381 185 382
382 381 380
383 380 376
185 376 381
376 383 185
66 6
384 386 388
385 186 386
386 385 384
387 388 186
388 384 387
186 387 385
67 6
389 391 392
390 187 391
391 390 389
392 389 385
187 385 390
385 392 187
68 6
393 395 397
394 188 395
395 394 393
396 397 188
397 393 396
188 396 394
69 6
398 399 401
399 396 398
400 401 189
401 398 400
189 400 396
396 189 399
70 6
402 404 406
403 190 404
404 403 402
405 406 190
406 402 405
190 405 403
71 6
407 409 411
408 191 409
409 408 407
410 411 191
411 407 410
191 410 408
72 6
412 336 333
413 192 336
414 333 192
192 414 413
333 412 414
336 413 412
73 6
415 301 417
416 417 193
417 415 416
193 416 284
284 193 301
301 284 415
74 6
418 419 337
419 416 418
194 413 416
337 418 413
413 337 194
416 194 419
75 6
420 422 297
421 195 422
422 421 420
195 286 421
286 297 195
297 420 286
76 6
423 334 424
424 423 421
196 421 414
334 414 423
414 196 334
421 424 196
77 6
425 362 359
426 197 362
427 359 197
197 427 426
359 425 427
362 426 425
78 6
428 298 430
429 430 198
430 428 429
198 429 289
289 198 298
298 289 428
79 6
431 432 363
432 429 431
199 426 429
363 431 426
426 363 199
429 199 432
80 6
433 435 293
434 200 435
435 434 433
200 291 434
291 293 200
293 433 291
81 6
436 360 437
437 436 434
201 434 427
360 427 436
427 201 360
434 437 201
82 6
438 440 387
439 202 440
440 439 438
441 387 202
202 441 439
387 438 441
83 6
442 437 443
443 442 439
203 439 435
435 203 437
437 435 442
439 443 203
84 6
444 446 300
445 204 446
446 445 444
204 295 445
295 300 204
300 444 295
85 6
447 388 448
448 447 445
205 445 441
388 441 447
441 205 388
445 448 205
86 6
449 451 453
450 206 451
451 450 449
452 453 206
453 449 452
206 452 450
87 6
454 424 455
455 454 450
207 450 422
422 207 424
424 422 454
450 455 207
88 6
456 457 432
457 452 456
208 430 452
430 432 208
432 456 430
452 208 457
89 6
458 460 462
459 209 460
460 459 458
461 462 209
462 458 461
209 461 459
90 6
463 448 464
464 463 459
210 459 446
446 210 448
448 446 463
459 464 210
91 6
465 466 419
466 461 465
211 417 461
417 419 211
419 465 417
461 211 466
92 6
467 349 354
468 212 349
469 354 212
212 469 468
349 468 467
354 467 469
93 6
470 318 472
471 472 213
472 470 471
213 471 304
304 213 318
318 304 470
94 6
473 474 350
474 471 473
214 468 471
350 473 468
468 350 214
471 214 474
95 6
475 477 320
476 215 477
477 476 475
215 306 476
306 320 215
320 475 306
96 6
478 355 479
479 478 476
216 476 469
355 469 478
469 216 355
476 479 216
97 6
480 357 368
481 217 357
482 368 217
217 482 481
357 481 480
368 480 482
98 6
483 315 485
484 485 218
485 483 484
218 484 309
309 218 315
315 309 483
99 6
486 487 358
487 484 486
219 481 484
358 486 481
481 358 219
484 219 487
100 6
488 490 317
489 220 490
490 489 488
220 311 489
311 317 220
317 488 311
101 6
491 369 492
492 491 489
221 489 482
369 482 491
482 221 369
489 492 221
102 6
493 390 496
494 222 390
495 496 222
496 493 495
222 495 494
390 494 493
103 6
497 321 499
498 499 223
499 497 498
223 498 314
314 223 321
321 314 497
104 6
500 501 391
501 498 500
224 494 498
391 500 494
494 391 224
498 224 501
105 6
502 503 487
503 495 502
225 485 495
485 487 225
487 502 485
495 225 503
106 6
504 506 508
505 226 506
506 505 504
507 508 226
508 504 507
226 507 505
107 6
509 492 510
510 509 505
227 505 490
490 227 492
492 490 509
505 510 227
108 6
511 512 474
512 507 511
228 472 507
472 474 228
474 511 472
507 228 512
109 6
513 515 517
514 229 515
515 514 513
516 517 229
517 513 516
229 516 514
110 6
518 479 519
519 518 514
230 514 477
477 230 479
479 477 518
514 519 230
111 6
520 521 501
521 516 520
231 499 516
499 501 231
501 520 499
516 231 521
112 6
522 371 378
523 232 371
524 378 232
232 524 523
371 523 522
378 522 524
113 6
525 330 527
526 527 233
527 525 526
233 526 324
324 233 330
330 324 525
114 6
528 529 372
529 526 528
234 523 526
372 528 523
523 372 234
526 234 529
115 6
530 532 332
531 235 532
532 531 530
235 326 531
326 332 235
332 530 326
116 6
533 379 534
534 533 531
236 531 524
379 524 533
524 236 379
531 534 236
117 6
535 394 538
536 237 394
537 538 237
538 535 537
237 537 536
394 536 535
118 6
539 338 541
540 541 238
541 539 540
238 540 329
329 238 338
338 329 539
119 6
542 543 395
543 540 542
239 536 540
395 542 536
536 395 239
540 239 543
120 6
544 545 529
545 537 544
240 527 537
527 529 240
529 544 527
537 240 545
121 6
546 548 451
547 241 548
548 547 546
241 455 547
451 546 455
455 451 241
122 6
549 534 550
550 549 547
242 547 532
532 242 534
534 532 549
547 550 242
123 6
551 462 553
552 553 243
553 551 552
243 552 466
462 466 551
466 243 462
124 6
554 555 543
555 552 554
244 541 552
541 543 244
543 554 541
552 244 555
125 6
556 381 373
557 245 381
558 373 245
245 558 557
373 556 558
381 557 556
126 6
559 351 561
560 561 246
561 559 560
246 560 341
341 246 351
351 341 559
127 6
562 563 382
563 560 562
247 557 560
382 562 557
557 382 247
560 247 563
128 6
564 566 345
565 248 566
566 565 564
248 343 565
343 345 248
345 564 343
129 6
567 374 568
568 567 565
249 565 558
374 558 567
558 249 374
565 568 249
130 6
569 571 400
570 250 571
571 570 569
572 400 250
250 572 570
400 569 572
131 6
573 568 574
574 573 570
251 570 566
566 251 568
568 566 573
570 574 251
132 6
575 577 353
576 252 577
577 576 575
252 347 576
347 353 252
353 575 347
133 6
578 401 579
579 578 576
253 576 572
401 572 578
572 253 401
576 579 253
134 6
580 508 582
581 582 254
582 580 581
254 581 512
508 512 580
512 254 508
135 6
583 584 563
584 581 583
255 561 581
561 563 255
563 583 561
581 255 584
136 6
585 587 515
586 256 587
587 586 585
256 519 586
515 585 519
519 515 256
137 6
588 579 589
589 588 586
257 586 577
577 257 579
579 577 588
586 589 257
138 6
590 496 440
258 443 503
440 590 443
443 440 258
496 503 590
503 258 496
139 6
591 453 405
592 405 259
259 592 457
405 591 592
453 457 591
457 259 453
140 6
593 595 367
594 260 595
595 594 593
260 365 594
365 367 260
367 593 365
141 6
596 406 597
597 596 594
261 594 592
406 592 596
592 261 406
594 597 261
142 6
598 600 506
599 262 600
600 599 598
262 510 599
506 598 510
510 506 262
143 6
601 597 602
602 601 599
263 599 595
595 263 597
597 595 601
599 602 263
144 6
603 538 571
264 574 545
538 545 603
545 264 538
571 603 574
574 571 264
145 6
604 403 548
605 265 403
265 550 605
403 605 604
548 604 550
550 548 265
146 6
606 383 608
607 608 266
608 606 607
266 607 377
377 266 383
383 377 606
147 6
609 610 404
610 607 609
267 605 607
404 609 605
605 404 267
607 267 610
148 6
611 582 613
612 613 268
613 611 612
268 612 584
582 584 611
584 268 582
149 6
614 615 610
615 612 614
269 608 612
608 610 269
610 614 608
612 269 615
150 6
616 408 460
617 270 408
270 464 617
408 617 616
460 616 464
464 460 270
151 6
618 392 620
619 620 271
620 618 619
271 619 386
386 271 392
392 386 618
152 6
621 622 409
622 619 621
272 617 619
409 621 617
617 409 272
619 272 622
153 6
623 517 625
624 625 273
625 623 624
273 624 521
517 521 623
521 273 517
154 6
626 627 622
627 624 626
274 620 624
620 622 274
622 626 620
624 274 627
155 6
628 553 410
629 410 275
275 629 555
410 628 629
553 555 628
555 275 553
156 6
630 632 399
631 276 632
632 631 630
276 397 631
397 399 276
399 630 397
157 6
633 411 634
634 633 631
277 631 629
411 629 633
629 277 411
631 634 277
158 6
635 637 587
636 278 637
637 636 635
278 589 636
587 635 589
589 587 278
159 6
638 634 639
639 638 636
279 636 632
632 279 634
634 632 638
636 639 279
160 6
640 613 600
280 602 615
600 640 602
602 600 280
613 615 640
615 280 613
161 6
641 625 637
281 639 627
625 627 641
627 281 625
637 641 639
639 637 281
162 6
0 165 166
42 283 285
166 0 283
283 166 42
165 285 0
285 42 165
163 6
0 164 165
43 288 290
165 0 288
288 165 43
164 290 0
290 43 164
164 6
0 166 163
163 0 290
44 290 294
290 163 44
166 294 0
294 44 166
165 6
0 163 162
162 0 285
163 288 0
45 285 288
285 162 45
288 45 163
166 6
0 162 164
162 283 0
164 0 294
46 294 283
294 164 46
283 46 162
167 6
1 171 170
47 303 305
170 1 303
303 170 47
171 305 1
305 47 171
168 6
1 170 169
48 308 310
169 1 308
308 169 48
170 310 1
310 48 170
169 6
1 168 171
168 308 1
49 313 308
171 1 313
313 171 49
308 49 168
170 6
1 167 168
167 303 1
168 1 310
50 310 303
310 168 50
303 50 167
171 6
1 169 167
167 1 305
169 313 1
51 305 313
305 167 51
313 51 169
172 6
2 174 173
52 323 325
173 2 323
323 173 52
174 325 2
325 52 174
173 6
2 172 175
172 323 2
53 328 323
175 2 328
328 175 53
323 53 172
174 6
2 412 172
172 2 325
54 325 333
325 172 54
412 333 2
333 54 412
175 6
2 173 412
173 328 2
55 336 328
412 2 336
336 412 55
328 55 173
176 6
3 177 178
56 340 342
178 3 340
340 178 56
177 342 3
342 56 177
177 6
3 179 176
176 3 342
57 342 346
342 176 57
179 346 3
346 57 179
178 6
3 176 467
176 340 3
58 349 340
467 3 349
349 467 58
340 58 176
179 6
3 467 177
177 3 346
59 346 354
346 177 59
467 354 3
354 59 467
180 6
4 425 480
60 357 359
480 4 357
357 480 60
425 359 4
359 60 425
181 6
4 182 425
61 362 364
425 4 362
362 425 61
182 364 4
364 61 182
182 6
4 480 181
181 4 364
62 364 368
364 181 62
480 368 4
368 62 480
183 6
5 556 522
63 371 373
522 5 371
371 522 63
556 373 5
373 63 556
184 6
5 522 185
64 376 378
185 5 376
376 185 64
522 378 5
378 64 522
185 6
5 184 556
184 376 5
65 381 376
556 5 381
381 556 65
376 65 184
186 6
6 438 187
66 385 387
187 6 385
385 187 66
438 387 6
387 66 438
187 6
6 186 493
186 385 6
67 390 385
493 6 390
390 493 67
385 67 186
188 6
7 189 535
68 394 396
535 7 394
394 535 68
189 396 7
396 68 189
189 6
7 569 188
188 7 396
69 396 400
396 188 69
569 400 7
400 69 569
190 6
8 591 604
70 403 405
604 8 403
403 604 70
591 405 8
405 70 591
191 6
9 628 616
71 408 410
616 9 408
408 616 71
628 410 9
410 71 628
192 6
12 196 194
72 413 414
194 12 413
413 194 72
196 414 12
414 72 196
193 6
12 194 282
73 284 416
282 12 284
284 282 73
194 416 12
416 73 194
194 6
12 192 193
192 413 12
193 12 416
74 416 413
416 193 74
413 74 192
195 6
12 282 196
75 421 286
196 12 421
421 196 75
282 286 12
286 75 282
196 6
12 195 192
192 12 414
195 421 12
76 414 421
414 192 76
421 76 195
197 6
13 201 199
77 426 427
199 13 426
426 199 77
201 427 13
427 77 201
198 6
13 199 287
78 289 429
287 13 289
289 287 78
199 429 13
429 78 199
199 6
13 197 198
197 426 13
198 13 429
79 429 426
429 198 79
426 79 197
200 6
13 287 201
80 434 291
201 13 434
434 201 80
287 291 13
291 80 287
201 6
13 200 197
197 13 427
200 434 13
81 427 434
427 197 81
434 81 200
202 6
14 205 203
82 439 441
203 14 439
439 203 82
205 441 14
441 82 205
203 6
14 202 433
202 439 14
83 435 439
433 14 435
435 433 83
439 83 202
204 6
14 292 205
84 445 295
205 14 445
445 205 84
292 295 14
295 84 292
205 6
14 204 202
202 14 441
204 445 14
85 441 445
441 202 85
445 85 204
206 6
15 208 207
86 450 452
207 15 450
450 207 86
208 452 15
452 86 208
207 6
15 206 420
206 450 15
87 422 450
420 15 422
422 420 87
450 87 206
208 6
15 428 206
206 15 452
88 452 430
452 206 88
428 430 15
430 88 428
209 6
16 211 210
89 459 461
210 16 459
459 210 89
211 461 16
461 89 211
210 6
16 209 444
209 459 16
90 446 459
444 16 446
446 444 90
459 90 209
211 6
16 415 209
209 16 461
91 461 417
461 209 91
415 417 16
417 91 415
212 6
17 216 214
92 468 469
214 17 468
468 214 92
216 469 17
469 92 216
213 6
17 214 302
93 304 471
302 17 304
304 302 93
214 471 17
471 93 214
214 6
17 212 213
212 468 17
213 17 471
94 471 468
471 213 94
468 94 212
215 6
17 302 216
95 476 306
216 17 476
476 216 95
302 306 17
306 95 302
216 6
17 215 212
212 17 469
215 476 17
96 469 476
469 212 96
476 96 215
217 6
18 221 219
97 481 482
219 18 481
481 219 97
221 482 18
482 97 221
218 6
18 219 307
98 309 484
307 18 309
309 307 98
219 484 18
484 98 219
219 6
18 217 218
217 481 18
218 18 484
99 484 481
484 218 99
481 99 217
220 6
18 307 221
100 489 311
221 18 489
489 221 100
307 311 18
311 100 307
221 6
18 220 217
217 18 482
220 489 18
101 482 489
482 217 101
489 101 220
222 6
19 225 224
102 494 495
224 19 494
494 224 102
225 495 19
495 102 225
223 6
19 224 312
103 314 498
312 19 314
314 312 103
224 498 19
498 103 224
224 6
19 222 223
222 494 19
223 19 498
104 498 494
498 223 104
494 104 222
225 6
19 483 222
222 19 495
105 495 485
495 222 105
483 485 19
485 105 483
226 6
20 228 227
106 505 507
227 20 505
505 227 106
228 507 20
507 106 228
227 6
20 226 488
226 505 20
107 490 505
488 20 490
490 488 107
505 107 226
228 6
20 470 226
226 20 507
108 507 472
507 226 108
470 472 20
472 108 470
229 6
21 231 230
109 514 516
230 21 514
514 230 109
231 516 21
516 109 231
230 6
21 229 475
229 514 21
110 477 514
475 21 477
477 475 110
514 110 229
231 6
21 497 229
229 21 516
111 516 499
516 229 111
497 499 21
499 111 497
232 6
22 236 234
112 523 524
234 22 523
523 234 112
236 524 22
524 112 236
233 6
22 234 322
113 324 526
322 22 324
324 322 113
234 526 22
526 113 234
234 6
22 232 233
232 523 22
233 22 526
114 526 523
526 233 114
523 114 232
235 6
22 322 236
115 531 326
236 22 531
531 236 115
322 326 22
326 115 322
236 6
22 235 232
232 22 524
235 531 22
116 524 531
524 232 116
531 116 235
237 6
23 240 239
117 536 537
239 23 536
536 239 117
240 537 23
537 117 240
238 6
23 239 327
118 329 540
327 23 329
329 327 118
239 540 23
540 118 239
239 6
23 237 238
237 536 23
238 23 540
119 540 536
540 238 119
536 119 237
240 6
23 525 237
237 23 537
120 537 527
537 237 120
525 527 23
527 120 525
241 6
24 454 242
121 547 455
242 24 547
547 242 121
454 455 24
455 121 454
242 6
24 241 530
241 547 24
122 532 547
530 24 532
532 530 122
547 122 241
243 6
25 244 465
123 466 552
465 25 466
466 465 123
244 552 25
552 123 244
244 6
25 539 243
243 25 552
124 552 541
552 243 124
539 541 25
541 124 539
245 6
26 249 247
125 557 558
247 26 557
557 247 125
249 558 26
558 125 249
246 6
26 247 339
126 341 560
339 26 341
341 339 126
247 560 26
560 126 247
247 6
26 245 246
245 557 26
246 26 560
127 560 557
560 246 127
557 127 245
248 6
26 339 249
128 565 343
249 26 565
565 249 128
339 343 26
343 128 339
249 6
26 248 245
245 26 558
248 565 26
129 558 565
558 245 129
565 129 248
250 6
27 253 251
130 570 572
251 27 570
570 251 130
253 572 27
572 130 253
251 6
27 250 564
250 570 27
131 566 570
564 27 566
566 564 131
570 131 250
252 6
27 344 253
132 576 347
253 27 576
576 253 132
344 347 27
347 132 344
253 6
27 252 250
250 27 572
252 576 27
133 572 576
572 250 133
576 133 252
254 6
28 255 511
134 512 581
511 28 512
512 511 134
255 581 28
581 134 255
255 6
28 559 254
254 28 581
135 581 561
581 254 135
559 561 28
561 135 559
256 6
29 518 257
136 586 519
257 29 586
586 257 136
518 519 29
519 136 518
257 6
29 256 575
256 586 29
137 577 586
575 29 577
577 575 137
586 137 256
258 6
30 442 502
138 503 443
502 30 503
503 502 138
442 443 30
443 138 442
259 6
31 261 456
139 457 592
456 31 457
457 456 139
261 592 31
592 139 261
260 6
31 361 261
140 594 365
261 31 594
594 261 140
361 365 31
365 140 361
261 6
31 260 259
259 31 592
260 594 31
141 592 594
592 259 141
594 141 260
262 6
32 509 263
142 599 510
263 32 599
599 263 142
509 510 32
510 142 509
263 6
32 262 593
262 599 32
143 595 599
593 32 595
595 593 143
599 143 262
264 6
33 573 544
144 545 574
544 33 545
545 544 144
573 574 33
574 144 573
265 6
34 549 267
145 605 550
267 34 605
605 267 145
549 550 34
550 145 549
266 6
34 267 375
146 377 607
375 34 377
377 375 146
267 607 34
607 146 267
267 6
34 265 266
265 605 34
266 34 607
147 607 605
607 266 147
605 147 265
268 6
35 269 583
148 584 612
583 35 584
584 583 148
269 612 35
612 148 269
269 6
35 606 268
268 35 612
149 612 608
612 268 149
606 608 35
608 149 606
270 6
36 463 272
150 617 464
272 36 617
617 272 150
463 464 36
464 150 463
271 6
36 272 384
151 386 619
384 36 386
386 384 151
272 619 36
619 151 272
272 6
36 270 271
270 617 36
271 36 619
152 619 617
619 271 152
617 152 270
273 6
37 274 520
153 521 624
520 37 521
521 520 153
274 624 37
624 153 274
274 6
37 618 273
273 37 624
154 624 620
624 273 154
618 620 37
620 154 618
275 6
38 277 554
155 555 629
554 38 555
555 554 155
277 629 38
629 155 277
276 6
38 393 277
156 631 397
277 38 631
631 277 156
393 397 38
397 156 393
277 6
38 276 275
275 38 629
276 631 38
157 629 631
629 275 157
631 157 276
278 6
39 588 279
158 636 589
279 39 636
636 279 158
588 589 39
589 158 588
279 6
39 278 630
278 636 39
159 632 636
630 39 632
632 630 159
636 159 278
280 6
40 601 614
160 615 602
614 40 615
615 614 160
601 602 40
602 160 601
281 6
41 638 626
161 627 639
626 41 627
627 626 161
638 639 41
639 161 638
282 6
42 286 284
193 284 12
195 12 286
12 193 195
284 42 193
286 195 42
283 6
42 284 162
162 42 166
166 162 46
46 166 301
284 301 42
301 46 284
284 6
42 282 283
193 73 282
282 193 42
283 42 301
73 301 193
301 283 73
285 6
42 162 286
162 165 42
165 45 162
45 297 165
286 42 297
297 286 45
286 6
42 285 282
195 282 75
282 42 195
285 297 42
75 195 297
297 75 285
287 6
43 291 289
198 289 13
200 13 291
13 198 200
289 43 198
291 200 43
288 6
43 289 163
163 43 165
165 163 45
45 165 298
289 298 43
298 45 289
289 6
43 287 288
198 78 287
287 198 43
288 43 298
78 298 198
298 288 78
290 6
43 163 291
163 164 43
164 44 163
44 293 164
291 43 293
293 291 44
291 6
43 290 287
200 287 80
287 43 200
290 293 43
80 200 293
293 80 290
292 6
44 295 293
204 14 295
14 433 204
293 44 433
433 293 14
295 204 44
293 6
44 292 290
290 44 291
291 290 80
292 433 44
80 291 433
433 80 292
294 6
44 164 295
164 166 44
166 46 164
46 300 166
295 44 300
300 295 46
295 6
44 294 292
204 292 84
292 44 204
294 300 44
84 204 300
300 84 294
296 6
45 298 297
15 420 428
297 45 420
420 297 15
298 428 45
428 15 298
297 6
45 296 285
285 45 286
286 285 75
296 420 45
75 286 420
420 75 296
298 6
45 288 296
288 289 45
289 78 288
296 45 428
78 428 289
428 296 78
299 6
46 301 300
16 444 415
300 46 444
444 300 16
301 415 46
415 16 301
300 6
46 299 294
294 46 295
295 294 84
299 444 46
84 295 444
444 84 299
301 6
46 283 299
283 284 46
284 73 283
299 46 415
73 415 284
415 299 73
302 6
47 306 304
213 304 17
215 17 306
17 213 215
304 47 213
306 215 47
303 6
47 304 167
167 47 170
170 167 50
50 170 318
304 318 47
318 50 304
304 6
47 302 303
213 93 302
302 213 47
303 47 318
93 318 213
318 303 93
305 6
47 167 306
167 171 47
171 51 167
51 320 171
306 47 320
320 306 51
306 6
47 305 302
215 302 95
302 47 215
305 320 47
95 215 320
320 95 305
307 6
48 311 309
218 309 18
220 18 311
18 218 220
309 48 218
311 220 48
308 6
48 309 168
168 48 169
169 168 49
49 169 315
309 315 48
315 49 309
309 6
48 307 308
218 98 307
307 218 48
308 48 315
98 315 218
315 308 98
310 6
48 168 311
168 170 48
170 50 168
50 317 170
311 48 317
317 311 50
311 6
48 310 307
220 307 100
307 48 220
310 317 48
100 220 317
317 100 310
312 6
49 315 314
223 314 19
19 223 483
314 49 223
315 483 49
483 19 315
313 6
49 314 169
169 49 171
171 169 51
51 171 321
314 321 49
321 51 314
314 6
49 312 313
223 103 312
312 223 49
313 49 321
103 321 223
321 313 103
315 6
49 308 312
308 309 49
309 98 308
312 49 483
98 483 309
483 312 98
316 6
50 318 317
20 488 470
317 50 488
488 317 20
318 470 50
470 20 318
317 6
50 316 310
310 50 311
311 310 100
316 488 50
100 311 488
488 100 316
318 6
50 303 316
303 304 50
304 93 303
316 50 470
93 470 304
470 316 93
319 6
51 321 320
21 475 497
320 51 475
475 320 21
321 497 51
497 21 321
320 6
51 319 305
305 51 306
306 305 95
319 475 51
95 306 475
475 95 319
321 6
51 313 319
313 314 51
314 103 313
319 51 497
103 497 314
497 319 103
322 6
52 326 324
233 324 22
235 22 326
22 233 235
324 52 233
326 235 52
323 6
52 324 172
172 52 173
173 172 53
53 173 330
324 330 52
330 53 324
324 6
52 322 323
233 113 322
322 233 52
323 52 330
113 330 233
330 323 113
325 6
52 172 326
172 174 52
174 54 172
54 332 174
326 52 332
332 326 54
326 6
52 325 322
235 322 115
322 52 235
325 332 52
115 235 332
332 115 325
327 6
53 330 329
238 329 23
23 238 525
329 53 238
330 525 53
525 23 330
328 6
53 329 173
173 53 175
175 173 55
55 175 338
329 338 53
338 55 329
329 6
53 327 328
238 118 327
327 238 53
328 53 338
118 338 238
338 328 118
330 6
53 323 327
323 324 53
324 113 323
327 53 525
113 525 324
525 327 113
331 6
54 334 332
24 530 423
332 54 530
530 332 24
334 423 54
423 24 334
332 6
54 331 325
325 54 326
326 325 115
331 530 54
115 326 530
530 115 331
333 6
54 174 334
174 412 54
72 414 412
334 54 414
414 334 72
412 72 174
334 6
54 333 331
331 54 423
333 414 54
76 423 414
423 331 76
414 76 333
335 6
55 338 337
25 418 539
337 55 418
418 337 25
338 539 55
539 25 338
336 6
55 337 175
175 55 412
72 412 413
412 175 72
337 413 55
413 72 337
337 6
55 335 336
335 418 55
336 55 413
74 413 418
413 336 74
418 74 335
338 6
55 328 335
328 329 55
329 118 328
335 55 539
118 539 329
539 335 118
339 6
56 343 341
246 341 26
248 26 343
26 246 248
341 56 246
343 248 56
340 6
56 341 176
176 56 178
178 176 58
58 178 351
341 351 56
351 58 341
341 6
56 339 340
246 126 339
339 246 56
340 56 351
126 351 246
351 340 126
342 6
56 176 343
176 177 56
177 57 176
57 345 177
343 56 345
345 343 57
343 6
56 342 339
248 339 128
339 56 248
342 345 56
128 248 345
345 128 342
344 6
57 347 345
252 27 347
27 564 252
345 57 564
564 345 27
347 252 57
345 6
57 344 342
342 57 343
343 342 128
344 564 57
128 343 564
564 128 344
346 6
57 177 347
177 179 57
179 59 177
59 353 179
347 57 353
353 347 59
347 6
57 346 344
252 344 132
344 57 252
346 353 57
132 252 353
353 132 346
348 6
58 351 350
28 473 559
350 58 473
473 350 28
351 559 58
559 28 351
349 6
58 350 178
178 58 467
92 467 468
467 178 92
350 468 58
468 92 350
350 6
58 348 349
348 473 58
349 58 468
94 468 473
468 349 94
473 94 348
351 6
58 340 348
340 341 58
341 126 340
348 58 559
126 559 341
559 348 126
352 6
59 355 353
29 575 478
353 59 575
575 353 29
355 478 59
478 29 355
353 6
59 352 346
346 59 347
347 346 132
352 575 59
132 347 575
575 132 352
354 6
59 179 355
179 467 59
92 469 467
355 59 469
469 355 92
467 92 179
355 6
59 354 352
352 59 478
354 469 59
96 478 469
478 352 96
469 96 354
356 6
60 360 358
30 486 436
358 60 486
486 358 30
360 436 60
436 30 360
357 6
60 358 180
180 60 480
97 480 481
480 180 97
358 481 60
481 97 358
358 6
60 356 357
356 486 60
357 60 481
99 481 486
481 357 99
486 99 356
359 6
60 180 360
180 425 60
77 427 425
360 60 427
427 360 77
425 77 180
360 6
60 359 356
356 60 436
359 427 60
81 436 427
436 356 81
427 81 359
361 6
61 365 363
260 31 365
31 431 260
363 61 431
431 363 31
365 260 61
362 6
61 363 181
181 61 425
77 425 426
425 181 77
363 426 61
426 77 363
363 6
61 361 362
361 431 61
362 61 426
79 426 431
426 362 79
431 79 361
364 6
61 181 365
181 182 61
182 62 181
62 367 182
365 61 367
367 365 62
365 6
61 364 361
260 361 140
361 61 260
364 367 61
140 260 367
367 140 364
366 6
62 369 367
32 593 491
367 62 593
593 367 32
369 491 62
491 32 369
367 6
62 366 364
364 62 365
365 364 140
366 593 62
140 365 593
593 140 366
368 6
62 182 369
182 480 62
97 482 480
369 62 482
482 369 97
480 97 182
369 6
62 368 366
366 62 491
368 482 62
101 491 482
491 366 101
482 101 368
370 6
63 374 372
33 528 567
372 63 528
528 372 33
374 567 63
567 33 374
371 6
63 372 183
183 63 522
112 522 523
522 183 112
372 523 63
523 112 372
372 6
63 370 371
370 528 63
371 63 523
114 523 528
523 371 114
528 114 370
373 6
63 183 374
183 556 63
125 558 556
374 63 558
558 374 125
556 125 183
374 6
63 373 370
370 63 567
373 558 63
129 567 558
567 370 129
558 129 373
375 6
64 379 377
266 377 34
34 266 533
377 64 266
379 533 64
533 34 379
376 6
64 377 184
184 64 185
185 184 65
65 185 383
377 383 64
383 65 377
377 6
64 375 376
266 146 375
375 266 64
376 64 383
146 383 266
383 376 146
378 6
64 184 379
184 522 64
112 524 522
379 64 524
524 379 112
522 112 184
379 6
64 378 375
375 64 533
378 524 64
116 533 524
533 375 116
524 116 378
380 6
65 383 382
35 562 606
382 65 562
562 382 35
383 606 65
606 35 383
381 6
65 382 185
185 65 556
125 556 557
556 185 125
382 557 65
557 125 382
382 6
65 380 381
380 562 65
381 65 557
127 557 562
557 381 127
562 127 380
383 6
65 376 380
376 377 65
377 146 376
380 65 606
146 606 377
606 380 146
384 6
66 388 386
271 386 36
36 271 447
386 66 271
388 447 66
447 36 388
385 6
66 386 186
186 66 187
187 186 67
67 187 392
386 392 66
392 67 386
386 6
66 384 385
271 151 384
384 271 66
385 66 392
151 392 271
392 385 151
387 6
66 186 388
186 438 66
82 441 438
388 66 441
441 388 82
438 82 186
388 6
66 387 384
384 66 447
387 441 66
85 447 441
447 384 85
441 85 387
389 6
67 392 391
37 500 618
391 67 500
500 391 37
392 618 67
618 37 392
390 6
67 391 187
187 67 493
102 493 494
493 187 102
391 494 67
494 102 391
391 6
67 389 390
389 500 67
390 67 494
104 494 500
494 390 104
500 104 389
392 6
67 385 389
385 386 67
386 151 385
389 67 618
151 618 386
618 389 151
393 6
68 397 395
276 38 397
38 542 276
395 68 542
542 395 38
397 276 68
394 6
68 395 188
188 68 535
117 535 536
535 188 117
395 536 68
536 117 395
395 6
68 393 394
393 542 68
394 68 536
119 536 542
536 394 119
542 119 393
396 6
68 188 397
188 189 68
189 69 188
69 399 189
397 68 399
399 397 69
397 6
68 396 393
276 393 156
393 68 276
396 399 68
156 276 399
399 156 396
398 6
69 401 399
39 630 578
399 69 630
630 399 39
401 578 69
578 39 401
399 6
69 398 396
396 69 397
397 396 156
398 630 69
156 397 630
630 156 398
400 6
69 189 401
189 569 69
130 572 569
401 69 572
572 401 130
569 130 189
401 6
69 400 398
398 69 578
400 572 69
133 578 572
578 398 133
572 133 400
402 6
70 406 404
40 609 596
404 70 609
609 404 40
406 596 70
596 40 406
403 6
70 404 190
190 70 604
145 604 605
604 190 145
404 605 70
605 145 404
404 6
70 402 403
402 609 70
403 70 605
147 605 609
605 403 147
609 147 402
405 6
70 190 406
190 591 70
139 592 591
406 70 592
592 406 139
591 139 190
406 6
70 405 402
402 70 596
405 592 70
141 596 592
596 402 141
592 141 405
407 6
71 411 409
41 621 633
409 71 621
621 409 41
411 633 71
633 41 411
408 6
71 409 191
191 71 616
150 616 617
616 191 150
409 617 71
617 150 409
409 6
71 407 408
407 621 71
408 71 617
152 617 621
617 408 152
621 152 407
410 6
71 191 411
191 628 71
155 629 628
411 71 629
629 411 155
628 155 191
411 6
71 410 407
407 71 633
410 629 71
157 633 629
633 407 157
629 157 410
412 6
72 333 336
174 2 333
175 336 2
333 174 72
336 72 175
2 175 174
413 6
72 336 192
192 72 194
194 192 74
336 337 72
337 74 336
74 194 337
414 6
72 192 333
192 196 72
196 76 192
333 72 334
334 333 76
76 334 196
415 6
73 417 301
211 16 417
299 301 16
301 73 299
16 299 211
417 211 73
416 6
73 193 417
193 194 73
194 74 193
74 419 194
417 73 419
419 417 74
417 6
73 416 415
211 415 91
415 73 211
416 419 73
91 211 419
419 91 416
418 6
74 337 419
335 25 337
337 335 74
25 465 335
419 74 465
465 419 25
419 6
74 418 416
416 74 417
417 416 91
418 465 74
91 417 465
465 91 418
420 6
75 297 422
207 422 15
296 15 297
297 296 75
15 207 296
422 75 207
421 6
75 422 195
195 75 196
196 195 76
76 196 424
422 424 75
424 76 422
422 6
75 420 421
207 87 420
420 207 75
421 75 424
87 424 207
424 421 87
423 6
76 424 334
331 334 24
334 76 331
24 331 454
424 454 76
454 24 424
424 6
76 421 423
421 422 76
422 87 421
423 76 454
87 454 422
454 423 87
425 6
77 359 362
180 4 359
181 362 4
359 180 77
362 77 181
4 181 180
426 6
77 362 197
197 77 199
199 197 79
362 363 77
363 79 362
79 199 363
427 6
77 197 359
197 201 77
201 81 197
359 77 360
360 359 81
81 360 201
428 6
78 430 298
208 15 430
296 298 15
298 78 296
15 296 208
430 208 78
429 6
78 198 430
198 199 78
199 79 198
79 432 199
430 78 432
432 430 79
430 6
78 429 428
208 428 88
428 78 208
429 432 78
88 208 432
432 88 429
431 6
79 363 432
361 31 363
363 361 79
31 456 361
432 79 456
456 432 31
432 6
79 431 429
429 79 430
430 429 88
431 456 79
88 430 456
456 88 431
433 6
80 293 435
203 435 14
292 14 293
293 292 80
14 203 292
435 80 203
434 6
80 435 200
200 80 201
201 200 81
81 201 437
435 437 80
437 81 435
435 6
80 433 434
203 83 433
433 203 80
434 80 437
83 437 203
437 434 83
436 6
81 437 360
356 360 30
360 81 356
30 356 442
437 442 81
442 30 437
437 6
81 434 436
434 435 81
435 83 434
436 81 442
83 442 435
442 436 83
438 6
82 387 440
186 6 387
387 186 82
6 590 186
440 82 590
590 440 6
439 6
82 440 202
202 82 203
203 202 83
83 203 443
440 443 82
443 83 440
440 6
82 438 439
438 590 82
439 82 443
138 443 590
443 439 138
590 138 438
441 6
82 202 387
202 205 82
205 85 202
387 82 388
388 387 85
85 388 205
442 6
83 443 437
258 30 443
436 437 30
437 83 436
30 436 258
443 258 83
443 6
83 439 442
258 442 138
439 440 83
440 138 439
442 83 258
138 258 440
444 6
84 300 446
210 446 16
299 16 300
300 299 84
16 210 299
446 84 210
445 6
84 446 204
204 84 205
205 204 85
85 205 448
446 448 84
448 85 446
446 6
84 444 445
210 90 444
444 210 84
445 84 448
90 448 210
448 445 90
447 6
85 448 388
384 388 36
388 85 384
36 384 463
448 463 85
463 36 448
448 6
85 445 447
445 446 85
446 90 445
447 85 463
90 463 446
463 447 90
449 6
86 453 451
8 546 591
451 86 546
546 451 8
453 591 86
591 8 453
450 6
86 451 206
206 86 207
207 206 87
87 207 455
451 455 86
455 87 451
451 6
86 449 450
449 546 86
450 86 455
121 455 546
455 450 121
546 121 449
452 6
86 206 453
206 208 86
208 88 206
88 457 208
453 86 457
457 453 88
453 6
86 452 449
449 86 591
452 457 86
139 591 457
591 449 139
457 139 452
454 6
87 455 424
241 24 455
423 424 24
424 87 423
24 423 241
455 241 87
455 6
87 450 454
241 454 121
450 451 87
451 121 450
454 87 241
121 241 451
456 6
88 432 457
259 457 31
431 31 432
432 431 88
31 259 431
457 88 259
457 6
88 456 452
259 139 456
452 88 453
453 452 139
456 259 88
139 453 259
458 6
89 462 460
9 616 551
460 89 616
616 460 9
462 551 89
551 9 462
459 6
89 460 209
209 89 210
210 209 90
90 210 464
460 464 89
464 90 460
460 6
89 458 459
458 616 89
459 89 464
150 464 616
464 459 150
616 150 458
461 6
89 209 462
209 211 89
211 91 209
91 466 211
462 89 466
466 462 91
462 6
89 461 458
458 89 551
461 466 89
123 551 466
551 458 123
466 123 461
463 6
90 464 448
270 36 464
447 448 36
448 90 447
36 447 270
464 270 90
464 6
90 459 463
270 463 150
459 460 90
460 150 459
463 90 270
150 270 460
465 6
91 419 466
243 466 25
418 25 419
419 418 91
25 243 418
466 91 243
466 6
91 465 461
243 123 465
461 91 462
462 461 123
465 243 91
123 462 243
467 6
92 354 349
178 349 3
179 3 354
349 92 178
354 179 92
3 178 179
468 6
92 349 212
212 92 214
214 212 94
349 350 92
350 94 349
94 214 350
469 6
92 212 354
212 216 92
216 96 212
354 92 355
355 354 96
96 355 216
470 6
93 472 318
228 20 472
316 318 20
318 93 316
20 316 228
472 228 93
471 6
93 213 472
213 214 93
214 94 213
94 474 214
472 93 474
474 472 94
472 6
93 471 470
228 470 108
470 93 228
471 474 93
108 228 474
474 108 471
473 6
94 350 474
348 28 350
350 348 94
28 511 348
474 94 511
511 474 28
474 6
94 473 471
471 94 472
472 471 108
473 511 94
108 472 511
511 108 473
475 6
95 320 477
230 477 21
319 21 320
320 319 95
21 230 319
477 95 230
476 6
95 477 215
215 95 216
216 215 96
96 216 479
477 479 95
479 96 477
477 6
95 475 476
230 110 475
475 230 95
476 95 479
110 479 230
479 476 110
478 6
96 479 355
352 355 29
355 96 352
29 352 518
479 518 96
518 29 479
479 6
96 476 478
476 477 96
477 110 476
478 96 518
110 518 477
518 478 110
480 6
97 368 357
180 357 4
182 4 368
357 97 180
368 182 97
4 180 182
481 6
97 357 217
217 97 219
219 217 99
357 358 97
358 99 357
99 219 358
482 6
97 217 368
217 221 97
221 101 217
368 97 369
369 368 101
101 369 221
483 6
98 485 315
225 19 485
312 315 19
315 98 312
19 312 225
485 225 98
484 6
98 218 485
218 219 98
219 99 218
99 487 219
485 98 487
487 485 99
485 6
98 484 483
225 483 105
483 98 225
484 487 98
105 225 487
487 105 484
486 6
99 358 487
356 30 358
358 356 99
30 502 356
487 99 502
502 487 30
487 6
99 486 484
484 99 485
485 484 105
486 502 99
105 485 502
502 105 486
488 6
100 317 490
227 490 20
316 20 317
317 316 100
20 227 316
490 100 227
489 6
100 490 220
220 100 221
221 220 101
101 221 492
490 492 100
492 101 490
490 6
100 488 489
227 107 488
488 227 100
489 100 492
107 492 227
492 489 107
491 6
101 492 369
366 369 32
369 101 366
32 366 509
492 509 101
509 32 492
492 6
101 489 491
489 490 101
490 107 489
491 101 509
107 509 490
509 491 107
493 6
102 496 390
187 390 6
390 102 187
6 187 590
496 590 102
590 6 496
494 6
102 390 222
222 102 224
224 222 104
390 391 102
391 104 390
104 224 391
495 6
102 222 496
222 225 102
225 105 222
105 503 225
496 102 503
503 496 105
496 6
102 495 493
493 102 590
495 503 102
138 590 503
590 493 138
503 138 495
497 6
103 499 321
231 21 499
319 321 21
321 103 319
21 319 231
499 231 103
498 6
103 223 499
223 224 103
224 104 223
104 501 224
499 103 501
501 499 104
499 6
103 498 497
231 497 111
497 103 231
498 501 103
111 231 501
501 111 498
500 6
104 391 501
389 37 391
391 389 104
37 520 389
501 104 520
520 501 37
501 6
104 500 498
498 104 499
499 498 111
500 520 104
111 499 520
520 111 500
502 6
105 487 503
258 503 30
486 30 487
487 486 105
30 258 486
503 105 258
503 6
105 502 495
258 138 502
495 105 496
496 495 138
502 258 105
138 496 258
504 6
106 508 506
10 598 580
506 106 598
598 506 10
508 580 106
580 10 508
505 6
106 506 226
226 106 227
227 226 107
107 227 510
506 510 106
510 107 506
506 6
106 504 505
504 598 106
505 106 510
142 510 598
510 505 142
598 142 504
507 6
106 226 508
226 228 106
228 108 226
108 512 228
508 106 512
512 508 108
508 6
106 507 504
504 106 580
507 512 106
134 580 512
580 504 134
512 134 507
509 6
107 510 492
262 32 510
491 492 32
492 107 491
32 491 262
510 262 107
510 6
107 505 509
262 509 142
505 506 107
506 142 505
509 107 262
142 262 506
511 6
108 474 512
254 512 28
473 28 474
474 473 108
28 254 473
512 108 254
512 6
108 511 507
254 134 511
507 108 508
508 507 134
511 254 108
134 508 254
513 6
109 517 515
11 585 623
515 109 585
585 515 11
517 623 109
623 11 517
514 6
109 515 229
229 109 230
230 229 110
110 230 519
515 519 109
519 110 515
515 6
109 513 514
513 585 109
514 109 519
136 519 585
519 514 136
585 136 513
516 6
109 229 517
229 231 109
231 111 229
111 521 231
517 109 521
521 517 111
517 6
109 516 513
513 109 623
516 521 109
153 623 521
623 513 153
521 153 516
518 6
110 519 479
256 29 519
478 479 29
479 110 478
29 478 256
519 256 110
519 6
110 514 518
256 518 136
514 515 110
515 136 514
518 110 256
136 256 515
520 6
111 501 521
273 521 37
500 37 501
501 500 111
37 273 500
521 111 273
521 6
111 520 516
273 153 520
516 111 517
517 516 153
520 273 111
153 517 273
522 6
112 378 371
183 371 5
184 5 378
371 112 183
378 184 112
5 183 184
523 6
112 371 232
232 112 234
234 232 114
371 372 112
372 114 371
114 234 372
524 6
112 232 378
232 236 112
236 116 232
378 112 379
379 378 116
116 379 236
525 6
113 527 330
240 23 527
327 330 23
330 113 327
23 327 240
527 240 113
526 6
113 233 527
233 234 113
234 114 233
114 529 234
527 113 529
529 527 114
527 6
113 526 525
240 525 120
525 113 240
526 529 113
120 240 529
529 120 526
528 6
114 372 529
370 33 372
372 370 114
33 544 370
529 114 544
544 529 33
529 6
114 528 526
526 114 527
527 526 120
528 544 114
120 527 544
544 120 528
530 6
115 332 532
242 532 24
331 24 332
332 331 115
24 242 331
532 115 242
531 6
115 532 235
235 115 236
236 235 116
116 236 534
532 534 115
534 116 532
532 6
115 530 531
242 122 530
530 242 115
531 115 534
122 534 242
534 531 122
533 6
116 534 379
375 379 34
379 116 375
34 375 549
534 549 116
549 34 534
534 6
116 531 533
531 532 116
532 122 531
533 116 549
122 549 532
549 533 122
535 6
117 538 394
188 394 7
394 117 188
7 188 603
538 603 117
603 7 538
536 6
117 394 237
237 117 239
239 237 119
394 395 117
395 119 394
119 239 395
537 6
117 237 538
237 240 117
240 120 237
120 545 240
538 117 545
545 538 120
538 6
117 537 535
535 117 603
537 545 117
144 603 545
603 535 144
545 144 537
539 6
118 541 338
244 25 541
335 338 25
338 118 335
25 335 244
541 244 118
540 6
118 238 541
238 239 118
239 119 238
119 543 239
541 118 543
543 541 119
541 6
118 540 539
244 539 124
539 118 244
540 543 118
124 244 543
543 124 540
542 6
119 395 543
393 38 395
395 393 119
38 554 393
543 119 554
554 543 38
543 6
119 542 540
540 119 541
541 540 124
542 554 119
124 541 554
554 124 542
544 6
120 529 545
264 545 33
528 33 529
529 528 120
33 264 528
545 120 264
545 6
120 544 537
264 144 544
537 120 538
538 537 144
544 264 120
144 538 264
546 6
121 451 548
449 8 451
451 449 121
8 604 449
548 121 604
604 548 8
547 6
121 548 241
241 121 242
242 241 122
122 242 550
548 550 121
550 122 548
548 6
121 546 547
546 604 121
547 121 550
145 550 604
550 547 145
604 145 546
549 6
122 550 534
265 34 550
533 534 34
534 122 533
34 533 265
550 265 122
550 6
122 547 549
265 549 145
547 548 122
548 145 547
549 122 265
145 265 548
551 6
123 553 462
458 462 9
462 123 458
9 458 628
553 628 123
628 9 553
552 6
123 243 553
243 244 123
244 124 243
124 555 244
553 123 555
555 553 124
553 6
123 552 551
551 123 628
552 555 123
155 628 555
628 551 155
555 155 552
554 6
124 543 555
275 555 38
542 38 543
543 542 124
38 275 542
555 124 275
555 6
124 554 552
275 155 554
552 124 553
553 552 155
554 275 124
155 553 275
556 6
125 373 381
183 5 373
185 381 5
373 183 125
381 125 185
5 185 183
557 6
125 381 245
245 125 247
247 245 127
381 382 125
382 127 381
127 247 382
558 6
125 245 373
245 249 125
249 129 245
373 125 374
374 373 129
129 374 249
559 6
126 561 351
255 28 561
348 351 28
351 126 348
28 348 255
561 255 126
560 6
126 246 561
246 247 126
247 127 246
127 563 247
561 126 563
563 561 127
561 6
126 560 559
255 559 135
559 126 255
560 563 126
135 255 563
563 135 560
562 6
127 382 563
380 35 382
382 380 127
35 583 380
563 127 583
583 563 35
563 6
127 562 560
560 127 561
561 560 135
562 583 127
135 561 583
583 135 562
564 6
128 345 566
251 566 27
344 27 345
345 344 128
27 251 344
566 128 251
565 6
128 566 248
248 128 249
249 248 129
129 249 568
566 568 128
568 129 566
566 6
128 564 565
251 131 564
564 251 128
565 128 568
131 568 251
568 565 131
567 6
129 568 374
370 374 33
374 129 370
33 370 573
568 573 129
573 33 568
568 6
129 565 567
565 566 129
566 131 565
567 129 573
131 573 566
573 567 131
569 6
130 400 571
189 7 400
400 189 130
7 603 189
571 130 603
603 571 7
570 6
130 571 250
250 130 251
251 250 131
131 251 574
571 574 130
574 131 571
571 6
130 569 570
569 603 130
570 130 574
144 574 603
574 570 144
603 144 569
572 6
130 250 400
250 253 130
253 133 250
400 130 401
401 400 133
133 401 253
573 6
131 574 568
264 33 574
567 568 33
568 131 567
33 567 264
574 264 131
574 6
131 570 573
264 573 144
570 571 131
571 144 570
573 131 264
144 264 571
575 6
132 353 577
257 577 29
352 29 353
353 352 132
29 257 352
577 132 257
576 6
132 577 252
252 132 253
253 252 133
133 253 579
577 579 132
579 133 577
577 6
132 575 576
257 137 575
575 257 132
576 132 579
137 579 257
579 576 137
578 6
133 579 401
398 401 39
401 133 398
39 398 588
579 588 133
588 39 579
579 6
133 576 578
576 577 133
577 137 576
578 133 588
137 588 577
588 578 137
580 6
134 582 508
504 508 10
508 134 504
10 504 611
582 611 134
611 10 582
581 6
134 254 582
254 255 134
255 135 254
135 584 255
582 134 584
584 582 135
582 6
134 581 580
580 134 611
581 584 134
148 611 584
611 580 148
584 148 581
583 6
135 563 584
268 584 35
562 35 563
563 562 135
35 268 562
584 135 268
584 6
135 583 581
268 148 583
581 135 582
582 581 148
583 268 135
148 582 268
585 6
136 515 587
513 11 515
515 513 136
11 635 513
587 136 635
635 587 11
586 6
136 587 256
256 136 257
257 256 137
137 257 589
587 589 136
589 137 587
587 6
136 585 586
585 635 136
586 136 589
158 589 635
589 586 158
635 158 585
588 6
137 589 579
278 39 589
578 579 39
579 137 578
39 578 278
589 278 137
589 6
137 586 588
278 588 158
586 587 137
587 158 586
588 137 278
158 278 587
590 6
138 440 496
438 6 440
440 438 138
493 496 6
496 138 493
6 493 438
591 6
139 405 453
190 8 405
405 190 139
449 453 8
453 139 449
8 449 190
592 6
139 259 405
259 261 139
261 141 259
405 139 406
406 405 141
141 406 261
593 6
140 367 595
263 595 32
366 32 367
367 366 140
32 263 366
595 140 263
594 6
140 595 260
260 140 261
261 260 141
141 261 597
595 597 140
597 141 595
595 6
140 593 594
263 143 593
593 263 140
594 140 597
143 597 263
597 594 143
596 6
141 597 406
402 406 40
406 141 402
40 402 601
597 601 141
601 40 597
597 6
141 594 596
594 595 141
595 143 594
596 141 601
143 601 595
601 596 143
598 6
142 506 600
504 10 506
506 504 142
10 640 504
600 142 640
640 600 10
599 6
142 600 262
262 142 263
263 262 143
143 263 602
600 602 142
602 143 600
600 6
142 598 599
598 640 142
599 142 602
160 602 640
602 599 160
640 160 598
601 6
143 602 597
280 40 602
596 597 40
597 143 596
40 596 280
602 280 143
602 6
143 599 601
280 601 160
599 600 143
600 160 599
601 143 280
160 280 600
603 6
144 571 538
535 538 7
538 144 535
569 7 571
571 569 144
7 535 569
604 6
145 548 403
190 403 8
403 145 190
546 8 548
548 546 145
8 190 546
605 6
145 403 265
265 145 267
267 265 147
403 404 145
404 147 403
147 267 404
606 6
146 608 383
269 35 608
380 383 35
383 146 380
35 380 269
608 269 146
607 6
146 266 608
266 267 146
267 147 266
147 610 267
608 146 610
610 608 147
608 6
146 607 606
269 606 149
606 146 269
607 610 146
149 269 610
610 149 607
609 6
147 404 610
402 40 404
404 402 147
40 614 402
610 147 614
614 610 40
610 6
147 609 607
607 147 608
608 607 149
609 614 147
149 608 614
614 149 609
611 6
148 613 582
580 582 10
582 148 580
10 580 640
613 640 148
640 10 613
612 6
148 268 613
268 269 148
269 149 268
149 615 269
613 148 615
615 613 149
613 6
148 612 611
611 148 640
612 615 148
160 640 615
640 611 160
615 160 612
614 6
149 610 615
280 615 40
609 40 610
610 609 149
40 280 609
615 149 280
615 6
149 614 612
280 160 614
612 149 613
613 612 160
614 280 149
160 613 280
616 6
150 460 408
191 408 9
408 150 191
458 9 460
460 458 150
9 191 458
617 6
150 408 270
270 150 272
272 270 152
408 409 150
409 152 408
152 272 409
618 6
151 620 392
274 37 620
389 392 37
392 151 389
37 389 274
620 274 151
619 6
151 271 620
271 272 151
272 152 271
152 622 272
620 151 622
622 620 152
620 6
151 619 618
274 618 154
618 151 274
619 622 151
154 274 622
622 154 619
621 6
152 409 622
407 41 409
409 407 152
41 626 407
622 152 626
626 622 41
622 6
152 621 619
619 152 620
620 619 154
621 626 152
154 620 626
626 154 621
623 6
153 625 517
513 517 11
517 153 513
11 513 641
625 641 153
641 11 625
624 6
153 273 625
273 274 153
274 154 273
154 627 274
625 153 627
627 625 154
625 6
153 624 623
623 153 641
624 627 153
161 641 627
641 623 161
627 161 624
626 6
154 622 627
281 627 41
621 41 622
622 621 154
41 281 621
627 154 281
627 6
154 626 624
281 161 626
624 154 625
625 624 161
626 281 154
161 625 281
628 6
155 410 553
191 9 410
410 191 155
551 553 9
553 155 551
9 551 191
629 6
155 275 410
275 277 155
277 157 275
410 155 411
411 410 157
157 411 277
630 6
156 399 632
279 632 39
398 39 399
399 398 156
39 279 398
632 156 279
631 6
156 632 276
276 156 277
277 276 157
157 277 634
632 634 156
634 157 632
632 6
156 630 631
279 159 630
630 279 156
631 156 634
159 634 279
634 631 159
633 6
157 634 411
407 411 41
411 157 407
41 407 638
634 638 157
638 41 634
634 6
157 631 633
631 632 157
632 159 631
633 157 638
159 638 632
638 633 159
635 6
158 587 637
585 11 587
587 585 158
11 641 585
637 158 641
641 637 11
636 6
158 637 278
278 158 279
279 278 159
159 279 639
637 639 158
639 159 637
637 6
158 635 636
635 641 158
636 158 639
161 639 641
639 636 161
641 161 635
638 6
159 639 634
281 41 639
633 634 41
634 159 633
41 633 281
639 281 159
639 6
159 636 638
281 638 161
636 637 159
637 161 636
638 159 281
161 281 637
640 6
160 600 613
598 10 600
600 598 160
611 613 10
613 160 611
10 611 598
641 6
161 637 625
623 625 11
625 161 623
635 11 637
637 635 161
11 623 635
